meta :
  timeStamp : 2025-07-02T10:41:17.073Z
CurrentPhaseMargin: 80.0
Kp: 3.1408620196681802
CurrentPhaseLag: 45.0
Wc: 1566.8613434429146
Ki: 4921.29528370611
