meta :
  timeStamp : 2025-07-02T10:41:17.075Z
Kp: 0.009028464292470303
VelocityPhaseLag: 10.0
VelocityPhaseMargin: 65.0
Wc: 93.03519540847816
Ki: 0.14810848171623087
